Value,Below normal - severe concern,Below normal - moderate concern,Below normal - mild concern,No concern,Above normal - mild concern,Above normal - moderate concern,Above normal - severe concern
0,1.0,3.453661597809848e-17,2.0016479887025236e-35,0.0,1.1935855193321873e-22,9.442610236367696e-34,1.0701481443537448e-43
1,0.9999999999999999,8.81967293813468e-17,1.1039275987826743e-34,0.0,2.20400901887369e-22,2.1309717241518138e-33,2.748235404563155e-43
2,0.9999999999999998,2.224852995236327e-16,5.974220697918991e-34,0.0,4.0540317037305745e-22,4.7875304046196345e-33,7.0252277674323785e-43
3,0.9999999999999994,5.544063138326102e-16,3.1725676506869565e-33,0.0,7.428054353245089e-22,1.070764047103604e-32,1.7875715742167917e-42
4,0.9999999999999987,1.3646929757363699e-15,1.653220158229181e-32,0.0,1.3557430275394633e-21,2.3841003886771388e-32,4.5275486309227754e-42
5,0.9999999999999967,3.3183614960657514e-15,8.453604330662329e-32,0.0,2.4648714812352856e-21,5.284500784802385e-32,1.141457021236676e-41
6,0.999999999999992,7.970700152778097e-15,4.241757743958491e-31,0.0,4.464018623372264e-21,1.166090386827225e-31,2.8645266330650917e-41
7,0.9999999999999811,1.8912783580048637e-14,2.088545135621252e-30,0.0,8.053279282538348e-21,2.561588919531278e-31,7.155551828757654e-41
8,0.9999999999999557,4.433052676132133e-14,1.0091072220830928e-29,0.0,1.4472208136521676e-20,5.601905578820823e-31,1.7792233650253478e-40
9,0.9999999999998973,1.0264578767189742e-13,4.7844017765723694e-29,0.0,2.5906715287302368e-20,1.2195831570454473e-30,4.403672345773077e-40
10,0.9999999999997652,2.347862233615137e-13,2.225954771378463e-28,0.0,4.619613676351296e-20,2.6432393843052815e-30,1.0849177554345803e-39
11,0.9999999999994695,5.305176829625706e-13,1.0162602301714641e-27,0.0,8.205687309493619e-20,5.703102584099519e-30,2.660578285222573e-39
12,0.9999999999988158,1.184201307308477e-12,4.552972426081814e-27,0.0,1.4519127446740827e-19,1.224998745571872e-29,6.494605683271026e-39
13,0.9999999999973888,2.6112736048744224e-12,2.0016505305239779e-26,0.0,2.559072412431037e-19,2.6194495987249154e-29,1.578073295856966e-38
14,0.9999999999943117,5.688310067352096e-12,8.63547736576752e-26,0.0,4.493051492846041e-19,5.576151470823564e-29,3.8167991546482053e-38
15,0.9999999999877589,1.2241120605809372e-11,3.655872816069503e-25,0.0,7.858094454358867e-19,1.1817057967663895e-28,9.189022552326063e-38
16,0.9999999999739763,2.6023712188636398e-11,1.5188129256952181e-24,0.0,1.3690218872073081e-18,2.493070927039077e-28,2.2021014459706197e-37
17,0.9999999999453449,5.465510493325709e-11,6.19195627802425e-24,0.0,2.375861452202425e-18,5.236131532680187e-28,5.252952146626212e-37
18,0.999999999886601,1.1339895116142026e-10,2.4772158829215782e-23,0.0,4.1072362538487025e-18,1.0948063040385373e-27,1.2472910600434585e-36
19,0.9999999997675617,2.3243831679149644e-10,9.725552308037082e-23,0.0,7.072881765887728e-18,2.2788463627900648e-27,2.9480208053927043e-36
20,0.9999999995293148,4.706851602850457e-10,3.7469792018731127e-22,0.0,1.2132814106889053e-17,4.722195996858322e-27,6.935723597250837e-36
21,0.9999999990583678,9.416321636514274e-10,1.4166648368188478e-21,0.0,2.073220138193689e-17,9.741467126395352e-27,1.6242453785572623e-35
22,0.9999999981389239,1.8610761054402798e-09,5.256226765286909e-21,0.0,3.528972933559217e-17,2.000581852937643e-26,3.7862585279604587e-35
23,0.9999999963660134,3.633986609750838e-09,1.913835644022623e-20,0.0,5.98371058622481e-17,4.090157919164233e-26,8.785526371073937e-35
24,0.9999999929895914,7.0104085602812685e-09,6.838506602934476e-20,0.0,1.0106772557571294e-16,8.324838686430468e-26,2.029197616163207e-34
25,0.9999999866386959,1.3361304040708531e-08,2.397985844326032e-19,0.0,1.700491197601047e-16,1.686800745171496e-25,4.665305351110777e-34
26,0.999999974840338,2.5159662006117755e-08,8.252079640807632e-19,0.0,2.850077021969084e-16,3.402547211460276e-25,1.0676652819040816e-33
27,0.9999999531924003,4.680759967904051e-08,2.7868559083292183e-18,0.0,4.758383651874761e-16,6.8327757747847955e-25,2.4321459155918765e-33
28,0.9999999139622611,8.603773897235487e-08,9.236403749060484e-18,0.0,7.91376784536654e-16,1.3659758807285501e-24,5.514977419553418e-33
29,0.9999998437469965,1.5625300353468926e-07,3.004219831928734e-17,0.0,1.3110779125916313e-15,2.7185790692687102e-24,1.24479434032761e-32
30,0.9999997196241883,2.8037581152801765e-07,9.589681191488087e-17,0.0,2.163691797216882e-15,5.38634553658736e-24,2.7967353842539003e-32
31,0.9999995029136552,4.970863444587797e-07,3.004164394995095e-16,0.0,3.557004092427841e-15,1.0624291709606347e-23,6.254681628614155e-32
32,0.9999991292190523,8.707809467707666e-07,9.236211009459452e-16,0.0,5.824997907774094e-15,2.086217259744294e-23,1.3923847405552465e-31
33,0.9999984927723933,1.507227603965097e-06,2.7868805393996776e-15,0.0,9.502327782964708e-15,4.0782429430607157e-23,3.085415634672254e-31
34,0.999997422201133,2.5777988588039977e-06,8.252796213076014e-15,0.0,1.5441427839675343e-14,7.936717266084598e-23,6.8056346688663895e-31
35,0.9999956436042067,4.356395769307195e-06,2.3985360262714113e-14,0.0,2.4995885093294017e-14,1.5376703219943337e-22,1.4942535216584778e-30
36,0.9999927251835853,7.274816346299576e-06,6.841605417617112e-14,0.0,4.0306362379059914e-14,2.965789453448645e-22,3.2657340202665304e-30
37,0.9999879955594603,1.2004440348168415e-05,1.9153183153666427e-13,0.0,6.474453709285656e-14,5.694720606235364e-22,7.104579348672204e-30
38,0.9999804252476546,1.957475181907831e-05,5.262593176633486e-13,0.0,1.0359946695149165e-13,1.0885786502684884e-21,1.5384987107517722e-29
39,0.9999684575858383,3.154241274246862e-05,1.4191866331262328e-12,0.0,1.6513427092836022e-13,2.071585005663462e-21,3.3163265565633983e-29
40,0.999949771718849,5.0228277394595135e-05,3.75634385332343e-12,0.0,2.6220601707791707e-13,3.92465545527481e-21,7.115722513175017e-29
41,0.9999209562556648,7.904373457673148e-05,9.758493952304661e-12,0.0,4.1473844762429085e-13,7.402125172658808e-21,1.519786085377765e-28
42,0.9998770681974153,0.00012293177770199181,2.4882710764534783e-11,0.0,6.534804696220801e-13,1.3898492963750873e-20,3.2310810622957423e-28
43,0.9998110481941735,0.00018895174355101796,6.227534568846316e-11,0.0,1.0256946146028632e-12,2.597979310603109e-20,6.8377837500102795e-28
44,0.9997129608147747,0.0002870390322414029,1.5298351184151184e-10,0.0,1.6037297097941132e-12,4.834601170247588e-20,1.4404068540499194e-27
45,0.9995690282247887,0.0004309714063260271,3.6888411434706235e-10,0.0,2.49788483387867e-12,8.956594441534726e-20,3.020351592525082e-27
46,0.9993604285773504,0.0006395705495554653,8.730906547520147e-10,0.0,3.8756298877073106e-12,1.6518962561371742e-19,6.304236918516593e-27
47,0.999061837776667,0.0009381601948911046,2.0284318183781524e-09,0.0,5.990200439987831e-12,3.0330568280054684e-19,1.3098164955308394e-26
48,0.9986397063333189,0.0013602890406991216,4.625953391115114e-09,0.0,9.222955704387975e-12,5.544170383652211e-19,2.708890783402847e-26
49,0.9980502828828669,0.0019497067610916709,1.035596111768736e-08,0.0,1.4145853321013166e-11,1.0089070631093831e-18,5.576681679908861e-26
50,0.9972374232646881,0.002762553976940481,2.27581504067077e-08,0.0,2.1613196452028094e-11,1.8277831364209263e-18,1.142782939677951e-25
51,0.996130258845972,0.0038696920569298754,4.9096500723045984e-08,0.0,3.289578473566484e-11,3.2965329708648975e-18,2.3310704082323606e-25
52,0.9946408390330517,0.00535905698738395,1.03977978628832e-07,0.0,4.987621540384892e-11,5.919019721680211e-18,4.7331580365919115e-25
53,0.9926619084045261,0.0073378754089415835,2.1618239951729775e-07,0.0,7.533197079452258e-11,1.058040068338945e-17,9.566450225153984e-25
54,0.990065024988868,0.009934533736040542,4.4126451356916875e-07,0.0,1.1334396066268765e-10,1.8828458882414613e-17,1.924664575002915e-24
55,0.9866992678437605,0.013299847849842502,8.842798101590749e-07,0.0,1.6988353672283187e-10,3.33570887161109e-17,3.854463604579916e-24
56,0.9823908130281044,0.017607447081158033,1.7398251138634656e-06,0.0,2.53652244793567e-10,5.883321683986131e-17,7.683829925211263e-24
57,0.9769436703194987,0.023052968582010183,3.360939421556676e-06,0.0,3.772778451639844e-10,1.0330433133913861e-16,1.5247431066208048e-23
58,0.9701418616680328,0.029851763103573258,6.374849731063666e-06,0.0,5.590102341357084e-10,1.8058278554230318e-16,3.011764442898329e-23
59,0.9617532804335863,0.03823484598370237,1.1872697464205901e-05,6.01311820797412e-11,8.251155698760457e-10,3.142653175807997e-16,5.921762221185777e-23
60,0.9515353940808227,0.04844289107075481,2.1712815926256295e-05,8.192547248259181e-10,1.2132410495536603e-09,5.4447666298163e-16,1.1590090460467505e-22
61,0.939242841579952,0.06071816066891352,3.899316806661274e-05,2.8059441226699948e-09,1.777122812880048e-09,9.39128934466725e-16,2.258025518227668e-22
62,0.924636833809858,0.07529438808070438,6.876795975903092e-05,7.556533331325814e-09,2.593143683387815e-09,1.6126300420969877e-15,4.379023665037872e-22
63,0.9074960990037777,0.09238477390741576,0.00011910501249576032,1.8306881438031685e-08,3.769426640373943e-09,2.756819245349706e-15,8.453419821496093e-22
64,0.8876289386019407,0.11216841268028035,0.00020260155621736072,4.170316909064727e-08,5.458387799836387e-09,4.691873739623099e-15,1.6244059083341818e-21
65,0.8648857886080084,0.13477562032046042,0.00033849211438611394,9.108315033406685e-08,7.873986780859682e-09,7.949673431767702e-15,3.1071623331092594e-21
66,0.839171537004488,0.16027277275020527,0.0005554862999126697,1.9263005588242946e-07,1.1315324769851555e-08,1.3409657545558046e-14,5.916173149865546e-21
67,0.8104567486785021,0.18864738080429663,0.0008954576603056755,3.9665809390107664e-07,1.6198779124444837e-08,2.2519150478739037e-14,1.1213098916640547e-20
68,0.7787869132223639,0.21979420907439162,0.0014180567546897371,7.978469545892647e-07,2.3101562539991875e-08,3.764893873973198e-14,2.1155270176751185e-20
69,0.7442888707142072,0.25350329377632724,0.002206231984393649,1.5707045118126491e-06,3.2820497328159485e-08,6.266433112594673e-14,3.973012685847567e-20
70,0.7071736918472031,0.2894507290355205,0.003372502365289651,3.030300929356131e-06,4.645095354730438e-08,1.0383781450257243e-13,7.427285080654629e-20
71,0.6677354884851068,0.3271930769575206,0.005065635190398318,5.733874425928513e-06,6.549237714831141e-08,1.713005153308451e-13,1.3821313630711644e-19
72,0.6263458964118247,0.3661662192299972,0.007477145564053295,1.0646805135946799e-05,9.198870751433021e-08,2.8133926778220966e-13,2.560223993905082e-19
73,0.5834442824939521,0.4056894075941131,0.010846773993704728,1.9407203425998583e-05,1.287143441105449e-07,4.60014112169737e-13,4.720808149987221e-19
74,0.5395240556311376,0.44497518057747437,0.015465847083019213,3.473728834264561e-05,1.7941927729375142e-07,7.488272778275294e-13,8.664925373083272e-19
75,0.4951157728576149,0.4831456781021334,0.02167723315534853,6.10667330149457e-05,2.491506747090996e-07,1.2135633467049172e-12,1.58315609464384e-18
76,0.4507679968464503,0.5192556791460602,0.02987052698025299,0.00010545235252075615,3.4467275770577297e-07,1.958006587782979e-12,2.8793432328612267e-18
77,0.40702705083328394,0.5523223821269081,0.040471194158260296,0.00017889786602463747,4.7501237785322477e-07,3.1451211140629215e-12,5.212838770070771e-18
78,0.36441691111295604,0.5813615198899735,0.05392272345468408,0.00029819337285809714,6.521644986024951e-07,5.0295921336921155e-12,9.394348598342421e-18
79,0.3234204654790519,0.6054288445079622,0.07066139682375894,0.0004884011812114196,8.920000079780333e-07,8.007574494103183e-12,1.6852756815705873e-17
80,0.28446324956535174,0.6236653528677587,0.09108407673462594,0.0007861053914118362,1.2154281593248107e-06,1.2692369493286687e-11,3.009452736559377e-17
81,0.24790056471297728,0.635343909330226,0.11551036762808164,0.0012435084309889693,1.6498776971477623e-06,2.002897002039109e-11,5.349544283317096e-17
82,0.21400860315491166,0.6399142502515411,0.14414152583799542,0.0019333895494641521,2.2311746209181555e-06,3.146657155748086e-11,9.46583953863885e-17
83,0.1829798881929916,0.6370428482433741,0.1770194269022885,0.0029548307013100533,3.005910818434049e-06,4.921708250120715e-11,1.667304777955446e-16
84,0.1549230109025348,0.6266439020621181,0.21398959144021895,0.004439461101789521,4.034416697810046e-06,7.664056205600691e-11,2.9233766898360657e-16
85,0.1298663420739764,0.6088979137706003,0.2546725724144816,0.006557777149450594,5.394472673557896e-06,1.18817015556072e-10,5.102334490318157e-16
86,0.1077651453691304,0.5842549845525199,0.29844781027746564,0.00952487369840937,7.185919083428888e-06,1.833903711578171e-10,8.864778248271084e-16
87,0.08851133444936032,0.5534210992310769,0.34445332738398554,0.013604702301839888,9.536351927960948e-06,2.818078976053445e-10,1.5331409490125072e-15
88,0.07194501353592897,0.5173271875356931,0.39160339978617037,0.019111790588334034,1.2608122739825846e-05,4.3113111003515117e-10,2.639441319551739e-15
89,0.05786691854547055,0.47708247678697047,0.4386247350671735,0.02640926204892623,1.6606894786541817e-05,6.566682074771776e-10,4.5233285489412165e-15
90,0.04605092717609571,0.43391535613768595,0.484109886041343,0.03590203760467637,2.179204441008809e-05,9.95781198588904e-10,7.71651022973547e-15
91,0.036255917026207674,0.38910640551887865,0.5265848638223801,0.0480243228940216,2.8489235135113513e-05,1.503363697815285e-09,1.3103910440323539e-14
92,0.02823640273329575,0.34391917625223944,0.5645864000401984,0.06322091318204184,3.710553252038346e-05,2.2596820113924658e-09,2.2151267530893088e-14
93,0.021751556392502813,0.299534587277583,0.5967432295724899,0.0819224759072529,4.814746859283951e-05,3.3815412012181432e-09,3.7274725651450224e-14
94,0.01657239122430465,0.256994365371915,0.6218552406695325,0.10451575519130478,6.224250477695277e-05,5.038103718957392e-09,6.243801245830188e-14
95,0.01248705054598409,0.2171578688306871,0.6389644107562229,0.13131049801397587,8.016437984329216e-05,7.473182680182502e-09,1.0411252329342142e-13
96,0.009304280665425324,0.18067505602610257,0.6474120814951825,0.16250570791413055,0.00010286286249049099,1.1036495842468805e-08,1.7281312454665344e-13
97,0.006855270188339979,0.14797653123603816,0.6468782349713612,0.1981584489224472,0.0001314984542756702,1.6227252246697606e-08,2.8554259033710015e-13
98,0.004994106858439706,0.11927978749213375,0.6373998858999526,0.23815871338955205,0.00016748260483449064,2.3754617727280935e-08,4.696627081473792e-13
99,0.003597137855238075,0.09460921782633425,0.6193673587139431,0.28221372697817276,0.00021252400439118144,3.4621151638810426e-08,7.689938646241601e-13
100,0.002561524865462128,0.07382636883815752,0.5934989303246063,0.32984444422840686,0.0002686815047845191,5.023732924793629e-08,1.2533775281619626e-12
101,0.0018032674903213364,0.05666636260468627,0.5607959565581837,0.3803959165812391,0.0003384241856453511,7.257789066757806e-08,2.0335918825957224e-12
102,0.0012549346847794407,0.04277641784007746,0.5224820434266793,0.43306180062828914,0.00042469902274543624,1.0439414469467411e-07,3.284499593743691e-12
103,0.0008633008130213282,0.03175287803973614,0.47993096803864027,0.4869216970760459,0.0005310065265818293,1.4950069373493217e-07,5.2807889361154575e-12
104,0.00058703656172443,0.02317396367897273,0.434588808397222,0.5409884935963643,0.0006614845967045675,2.1316056010755162e-07,8.451879109619403e-12
105,0.000394560129156174,0.016626441811956605,0.38789603857971233,0.5942616561889346,0.000821000677123717,3.025996507663548e-07,1.3465835829517308e-11
106,0.00026211412701770964,0.01172538980728477,0.3412151496972847,0.6457816665600424,0.0010152520968068725,4.2769020653572086e-07,2.13569705034066e-11
107,0.00017210043665127905,0.008127091423821287,0.2957686748793197,0.6946806571387916,0.0012508742339993257,6.018536979798249e-07,3.3718870200583913e-11
108,0.00011167960503721819,0.0055357593268400285,0.25259138757209487,0.7402247743439906,0.0015355558520901242,8.432469522290033e-07,5.2994912090266997e-11
109,7.162308240626913e-05,0.0037051936522125573,0.21249901885592515,0.7818448273974172,0.00187816061756143,1.1763115641306863e-06,8.291324520372454e-11
110,4.5394899513495623e-05,0.0024366694174844383,0.1760742568748529,0.8191531914642884,0.002288853428389802,1.633786336158278e-06,1.2913472137616925e-10
111,2.8433113835935053e-05,0.0015743354218519245,0.1436692291996109,0.8519465130011318,0.002779229757253815,2.259306102611583e-06,2.002130350633228e-10
112,1.7599250680455647e-05,0.0009992593656819038,0.11542230359120476,0.8801952809916911,0.0033624457534036757,3.1107383279444756e-06,3.0901013185084775e-10
113,1.076480142614411e-05,0.0006230272000797843,0.09128602025821853,0.90402257646581,0.004053346357883647,4.264441810020095e-06,4.747719050615638e-10
114,6.506542151618611e-06,0.0003815514090824701,0.0710623821312455,0.9236751503418485,0.004868588179418284,5.820670097235632e-06,7.261563192662121e-10
115,3.886133192021468e-06,0.00022950258044329708,0.05444160589572633,0.9394903405329835,0.005826753365848293,7.91038617864683e-06,1.1056278498296276e-09
116,2.293504835715332e-06,0.000135576133345916,0.041040736654974985,0.9518622380218208,0.006948450204406708,1.0703804814698894e-05,1.6758012294495618e-09
117,1.3374821398182135e-06,7.865278231222739e-05,0.0304391603533104,0.9612100301073659,0.008256395711803888,1.4421034516824132e-05,2.52855090376845e-09
118,7.706814791896832e-07,4.480796666495035e-05,0.022208884320338407,0.9679507129283736,0.00977547505277684,1.9345252344222238e-05,3.798022752947451e-09
119,4.3878635203054017e-07,2.506586533568278e-05,0.015938362097793424,0.9724775163846532,0.011532772276062565,2.5838910682088417e-05,5.679120982719486e-09
120,2.468400346344879e-07,1.3768073693465332e-05,0.011249491895275465,0.9751445545889281,0.013557566603583059,3.4363544851262214e-05,8.453633971707359e-09
121,1.3720052904897528e-07,7.425125720272874e-06,0.007808126279853944,0.9762575066684077,0.015881288376462067,4.550382206915961e-05,1.2526957798944446e-08
122,7.534725054991753e-08,3.931442345561642e-06,0.005328940175719388,0.9760696092371459,0.018537428774526393,5.999654357364031e-05,1.8479438566424015e-08
123,4.088316585271201e-08,2.0435943877128437e-06,0.0035757998572227834,0.9747819255408298,0.02156139760710483,7.876537952416701e-05,2.7137764933701632e-08
124,2.1917017867245647e-08,1.0428191016265131e-06,0.002358874750209905,0.9725467348204861,0.024990323842813543,0.00010296217666925896,3.967370166173836e-08
125,1.1608413119645888e-08,5.223609882420988e-07,0.001529676017229753,0.9694729224248537,0.028862794121734585,0.0001340157268911319,5.7739889406542986e-08
126,6.074542646672398e-09,2.5683530380238295e-07,0.0009750411862569086,0.9656323980459524,0.033218525287472274,0.00017368891487118778,8.365560082127081e-08
127,3.1404998601658463e-09,1.239463949254116e-07,0.0006108628708155761,0.9610667762183925,0.03809796799583674,0.00022414516863266087,1.206594276447445e-07
128,1.604071764305104e-09,5.870550112696549e-08,0.0003761250519743742,0.9557937765757157,0.04354183970147502,0.00028802511015567535,1.7325110629443745e-07
129,8.094390713253574e-10,2.728705750243421e-08,0.00022759413909279047,0.9498130090903693,0.04959058678621136,0.0003685342364874235,2.476513426376906e-07
130,4.035298761806416e-10,1.2446024322265714e-08,0.00013533326689341152,0.9431109818629541,0.056283777257528256,0.0004695423461801021,3.52416889943671e-07
131,1.9874413226261822e-10,5.570037320268284e-09,7.90749413447367e-05,0.9356652974902635,0.06365942728826299,0.0005956952527092481,4.992586380998407e-07
132,9.670220180169053e-11,2.445622371283207e-09,4.539852840312886e-05,0.9274480888623013,0.07175326685625183,0.0007525390872097249,7.041235094605639e-07
133,4.6483372706518367e-11,1.0533326433304069e-09,2.5608994099868276e-05,0.9184287922756337,0.08059795183386625,0.0009466571795841944,9.886169999935363e-07
134,2.2073676220202287e-11,4.44954406653153e-10,1.419292032966979e-05,0.9085763736138484,0.09022223202277681,0.0011858191132454534,1.3818627716945266e-06
135,1.0355383217586223e-11,1.8431156600939858e-10,7.727899168030739e-06,0.8978611211445049,0.10065008677246759,0.0014791410698458951,1.9229193467004098e-06
136,4.799161068547164e-12,7.484612929431478e-11,4.133754592405836e-06,0.8862561043492764,0.11189984189986892,0.0018372560143697463,2.6639022472699725e-06
137,2.1972423880356473e-12,2.978728375069295e-11,2.172229551233862e-06,0.8737383785499946,0.12398328357568207,0.002272491619351338,3.6739934361925884e-06
138,9.937606293419776e-13,1.1613598971393913e-11,1.1213205076687771e-06,0.8602899944205438,0.13690478659187807,0.002799053095293939,5.044559169145737e-06
139,4.439781875476001e-13,4.433675648840563e-12,5.685949612255214e-07,0.8458988525587982,0.15066047590557538,0.003433207292964087,6.895642823511554e-06
140,1.9595436384634013e-13,1.6562307081358085e-12,2.8321254352814407e-07,0.8305594275464332,0.16523744150005507,0.004193463587884286,9.384151231747012e-06
141,8.548717289613705e-14,6.048495038157853e-13,1.3856260561162514e-07,0.8142733738041026,0.1806130273513501,0.00510074616961679,1.271411163464378e-05
142,3.68594044175552e-14,2.1571633368466792e-13,6.658743145759871e-08,0.7970500169225059,0.19675421558246928,0.006178551465927541,1.7149441413333692e-05
143,1.5654144647214707e-14,7.505107646466058e-14,3.142971360947655e-08,0.7789067285788025,0.21361712667946034,0.007453083568212561,2.3029743720226967e-05
144,6.5503158452884236e-15,2.5424107263916085e-14,1.4570700535010417e-08,0.7598691800848381,0.23114665589762298,0.008953359728808457,3.078971799799908e-05
145,2.7755575615628914e-15,8.326672684688674e-15,6.634417348827526e-09,0.739971468516711,0.24927626467832822,0.010711277316969683,4.0982853562613204e-05
146,1.1102230246251565e-15,2.6645352591003757e-15,2.966870193965576e-09,0.7192561097650043,0.2679279440174447,0.012761633096025295,5.431015465180599e-05
147,4.440892098500626e-16,7.771561172376096e-16,1.3030445611406094e-09,0.6977738943230223,0.2870123642811061,0.015142085369297033,7.165472352877453e-05
148,2.220446049250313e-16,2.220446049250313e-16,5.620525156402323e-10,0.6755836038752483,0.3064292229755717,0.01789304948671218,9.412310041492008e-05
149,1.1102230246251565e-16,0.0,2.3809165750066086e-10,0.6527515895020872,0.3260677984840425,0.0210575174555051,0.00012309432027346497
150,0.0,0.0,9.904987940956289e-11,0.6293512153700199,0.3458077138399878,0.024680793000102345,0.0001602776908400146
151,0.0,0.0,4.0466741069167256e-11,0.6054621749532467,0.36551991028551634,0.028810134403911485,0.00020778031685868457
152,0.0,0.0,1.6235790489815827e-11,0.5811696899831533,0.3850678257515595,0.03349429886469203,0.0002681853843593069
153,0.0,0.0,6.396883023285227e-12,0.5565636053134309,0.4043087685949502,0.038782983917891665,0.0003446421673303531
154,0.0,0.0,2.4750201887968615e-12,0.5317373956050739,0.42309547204869563,0.04472616372569842,0.0004409686180569719
155,0.0,0.0,9.403589018575076e-13,0.5067871020755372,0.4412778100083584,0.05137332067296048,0.0005617672422035055
156,0.0,0.0,3.5083047578154947e-13,0.48181021943476865,0.45870465011890127,0.058772575714884014,0.0007125547310952486
157,0.0,0.0,1.2856382625159313e-13,0.4569045544799888,0.4752258157758277,0.06696972422608809,0.000899905517966866
158,0.0,0.0,4.629630012686903e-14,0.43216707859252923,0.4906941247454478,0.07600718762707583,0.00113160903490081
159,0.0,0.0,1.63202784619898e-14,0.40769279654607615,0.5049674687715326,0.08592289471483361,0.0014168399675412728
160,0.0,0.0,5.662137425588298e-15,0.3835736535901332,0.5179108958918006,0.09674911028501332,0.0017663402330472258
161,0.0,0.0,1.887379141862766e-15,0.3598975017308562,0.5293986553480903,0.1085112321766257,0.0021926107444259183
162,0.0,0.0,6.661338147750939e-16,0.336747144529965,0.5393161640331159,0.12122658115977407,0.002710110277144417
163,0.0,0.0,2.220446049250313e-16,0.3141994776367776,0.5475618534486264,0.13490321098180752,0.003335457932788322
164,0.0,0.0,1.1102230246251565e-16,0.29232473973103745,0.5540488572047668,0.14953876824772971,0.004087634816465834
165,0.0,0.0,0.0,0.2711858856714203,0.5587065011912462,0.16511943350438474,0.004988179632948689
166,0.0,0.0,0.0,0.2508380905129908,0.5614815616900901,0.18161897580583927,0.006061371991079827
167,0.0,0.0,0.0,0.2313283897792867,0.5623392608377606,0.19899795305985296,0.00733439632309962
168,0.0,0.0,0.0,0.21269545805618595,0.5612639739086569,0.21720308951761097,0.008837478517546179
169,0.0,0.0,0.0,0.19496952471840112,0.5582596287770863,0.2361668598259157,0.010603986678596815
170,0.0,0.0,0.0,0.17817242250267729,0.5533497844841104,0.2558073061011156,0.012670486912096634
171,0.0,0.0,0.0,0.16231776179257817,0.5465773829241969,0.2760281105314361,0.015076744751788804
172,0.0,0.0,0.0,0.14741122095390824,0.5380041750852219,0.29671894113027447,0.01786566283059535
173,0.0,0.0,0.0,0.13345094091847776,0.5277098308162756,0.31775608254513416,0.021083145720112422
174,0.0,0.0,0.0,0.12042801050200591,0.5157907485411651,0.3390033574073984,0.024777883549430585
175,0.0,0.0,0.0,0.10832702768734459,0.5023585884572737,0.3603133367502118,0.029001047105169857
176,0.0,0.0,0.0,0.0971267213175433,0.4875385593390843,0.3815288307145828,0.033805888628789575
177,0.0,0.0,0.0,0.08680061731870514,0.47146749489497525,0.40248464331663536,0.03924724446968424
178,0.0,0.0,0.0,0.07731773368893446,0.4542917605171848,0.4230095676839803,0.04538093810990044
179,0.0,0.0,0.0,0.0686432890122941,0.43616503505888027,0.44292859111407856,0.05226308481474707
180,0.0,0.0,0.0,0.060739410139755146,0.41724601484507895,0.46206527278738785,0.05994930222777808
181,0.0,0.0,0.0,0.053565825868086336,0.39769608839273396,0.4802442511977416,0.06849383454143809
182,0.0,0.0,0.0,0.04708053488204167,0.37767703024142496,0.4972938335385697,0.07794860133796366
183,0.0,0.0,0.0,0.04124043784136888,0.3573487608885926,0.5130486155779967,0.0883621856920418
184,0.0,0.0,0.0,0.03600192522784451,0.3368672171379138,0.5273520781092893,0.0997787795249524
185,0.0,0.0,0.0,0.03132141435635427,0.3163823733070712,0.5400591049801219,0.11223710735645265
186,0.0,0.0,0.0,0.02715583073963579,0.2960364488435636,0.551038368049336,0.12576935236746462
187,0.0,0.0,0.0,0.02346303072611644,0.2759623321412199,0.5601745262153424,0.1404001109173213
188,0.0,0.0,0.0,0.020202163958907504,0.25628224394021637,0.5673701888845109,0.15614540321636522
189,0.0,0.0,0.0,0.017333975694170056,0.23710665685322907,0.5725475988357203,0.17301176861688067
190,0.0,0.0,0.0,0.014821050340056097,0.21853348052313326,0.5756499952817052,0.1909954738551054
191,0.0,0.0,0.0,0.012627998713297561,0.2006475149166751,0.5766426248828358,0.2100818614871915
192,0.0,0.0,0.0,0.010721592447780592,0.18352016751768452,0.5755133763532818,0.23024486368125313
193,0.0,0.0,0.0,0.009070849724522545,0.16720942390839866,0.5722730229020065,0.2514467034650722
194,0.0,0.0,0.0,0.007647077028856031,0.1517600555982318,0.5669550658366012,0.273637801536311
195,0.0,0.0,0.0,0.006423871987920049,0.13720404412365517,0.5596151819745365,0.29675690191388826
196,0.0,0.0,0.0,0.005377092514292192,0.12356119651197828,0.5503302867923558,0.3207314241813737
197,0.0,0.0,0.0,0.004484797498116699,0.11083992424766309,0.5391972342354805,0.3454780440187397
198,0.0,0.0,0.0,0.0037271641713240156,0.09903815593422005,0.5263311825531772,0.3709034973412787
199,0.0,0.0,0.0,0.003086387035963978,0.08814435290062417,0.5118636631731044,0.39690559689030747
200,0.0,0.0,0.0,0.0025465629271893553,0.0781385970152314,0.4959403962688327,0.42337444378874656
201,0.0,0.0,0.0,0.0020935663925548686,0.06899372086709499,0.47871890211300216,0.450193810627348
202,0.0,0.0,0.0,0.0017149191343606152,0.06067645215252582,0.4603659613962698,0.4772426673168438
203,0.0,0.0,0.0,0.0013996568003591392,0.05314854644147693,0.4410549803180376,0.5043968164401263
204,0.0,0.0,0.0,0.0011381959376471906,0.04636788535794023,0.4209633173555076,0.531530601348905
205,0.0,0.0,0.0,0.0009222034598990181,0.04028952044805223,0.4002696281781819,0.5585186479138669
206,0.0,0.0,0.0,0.000744470531583441,0.0348666464855657,0.37915128323039715,0.5852375997524537
207,0.0,0.0,0.0,0.00059879235414384,0.030051491538661934,0.3577819091383405,0.6115678069688537
208,0.0,0.0,0.0,0.0004798549554724252,0.02579611466715781,0.33632910043939446,0.6373949299379753
209,0.0,0.0,0.0,0.0003831297402021594,0.022053105522059413,0.31495234235062064,0.6626114223871178
210,0.0,0.0,0.0,0.00030477625708158484,0.01877618328482944,0.29380117859425414,0.6871178618638348
211,0.0,0.0,0.0,0.0002415533818423965,0.01592069523605999,0.2730136509123908,0.7108241004697068
212,0.0,0.0,0.0,0.00019073889886911388,0.013444017727233804,0.25271502907954635,0.7336502142943507
213,0.0,0.0,0.0,0.00015005729071504437,0.011305864410044997,0.23301684221743424,0.7555272360818057
214,0.0,0.0,0.0,0.00011761540825250272,0.009468508239599771,0.21401621428644924,0.7763976620656985
215,0.0,0.0,0.0,9.184559249952873e-05,0.007896925012460865,0.19579549901676785,0.7962157303782718
216,0.0,0.0,0.0,7.145574802280841e-05,0.006558867044711425,0.17842220247207208,0.8149474747351937
217,0.0,0.0,0.0,5.53858231778781e-05,0.005424876068138906,0.16194917510563678,0.8325705630030464
218,0.0,0.0,0.0,4.2770130212255175e-05,0.004468244562859325,0.14641504973195918,0.8490739355749692
219,0.0,0.0,0.0,3.2904934430422195e-05,0.0036649345973781555,0.13184489741755967,0.8644572630506318
220,0.0,0.0,0.0,2.5220752496224463e-05,0.0029934628610781555,0.11825106996978096,0.8787302464166447
221,0.0,0.0,0.0,1.9258822096968053e-05,0.0024347599995576674,0.10563419550651298,0.8919117856718324
222,0.0,0.0,0.0,1.465123559896142e-05,0.001972011649185257,0.09398429251445384,0.9040290446007619
223,0.0,0.0,0.0,1.1104266339212465e-05,0.0015904877599591805,0.08328196780079367,0.9151164401729079
224,0.0,0.0,0.0,8.384455597698626e-06,0.0012773659372609103,0.07349966472990266,0.9252145848772387
225,0.0,0.0,0.0,6.307069231992202e-06,0.0010215536601654307,0.06460293000003381,0.9343692092705688
226,0.0,0.0,0.0,4.726573958335756e-06,0.0008135133775555303,0.056551669819773775,0.9426300902287124
227,0.0,0.0,0.0,3.528823189991037e-06,0.0006450936682781405,0.04930136953892306,0.9500500079696088
228,0.0,0.0,0.0,2.6246803510598937e-06,0.0005093688968726973,0.04280425441438862,0.9566837520083876
229,0.0,0.0,0.0,1.9448430842450293e-06,0.00040048911522438946,0.03701037308820687,0.9625871929534845
230,0.0,0.0,0.0,1.4356643929236412e-06,0.0003135413609450799,0.031868589367151645,0.9678164336075104
231,0.0,0.0,0.0,1.0557963097124201e-06,0.00024442298892612957,0.027327471878039078,0.9724270493367251
232,0.0,0.0,0.0,7.735081113402487e-07,0.00018972724315369227,0.02333607500230306,0.9764734242464319
233,0.0,0.0,0.0,5.645544572940864e-07,0.00014664092829663744,0.01984460805972943,0.9800081864575166
234,0.0,0.0,0.0,4.104892579182007e-07,0.00011285376922409718,0.016804992928322382,0.9830817428131956
235,0.0,0.0,0.0,2.973387618343537e-07,8.647884436796538e-05,0.01417131309190156,0.9857419107249686
236,0.0,0.0,0.0,2.145625199734269e-07,6.598333755258867e-05,0.011900159458864912,0.9880336426410625
237,0.0,0.0,0.0,1.5424377719508442e-07,5.0128764000900716e-05,0.009950880175923493,0.9899988368162984
238,0.0,0.0,0.0,1.1046171777273628e-07,3.7919781049056134e-05,0.008285743070685525,0.9916762266865476
239,0.0,0.0,0.0,7.88070744217606e-08,2.8560684401712777e-05,0.00687002031504258,0.9931013401934813
240,0.0,0.0,0.0,5.6010163951292213e-08,2.141870879357466e-05,0.005672005439862571,0.9943065198411799
241,0.0,0.0,0.0,3.965661954374866e-08,1.5993290774396485e-05,0.004662972993875525,0.9953209940587305
242,0.0,0.0,0.0,2.7971178040431255e-08,1.1890504882483555e-05,0.003817090976755977,0.9961709905471835
243,0.0,0.0,0.0,1.9654005978253508e-08,8.801947541714483e-06,0.0031112957435665,0.9968798826548858
244,0.0,0.0,0.0,1.3757380012968667e-08,6.487411302713575e-06,0.0025251384317109826,0.9974683603996063
245,0.0,0.0,0.0,9.593206562463763e-09,4.760762108202421e-06,0.0020406111580295594,0.9979546184866557
246,0.0,0.0,0.0,6.663990803623676e-09,3.4785014161320404e-06,0.0016419603251948134,0.9983545545093983
247,0.0,0.0,0.0,4.611547144151018e-09,2.5305612978421266e-06,0.0013154934108198235,0.9986819714163352
248,0.0,0.0,0.0,3.1790674537290897e-09,1.8329426572094576e-06,0.0010493846314171273,0.9989487792468582
249,0.0,0.0,0.0,2.183196623484207e-09,1.3218636154554986e-06,0.0008334839116476145,0.9991651920415403
250,0.0,0.0,0.0,1.4935687131512054e-09,9.491364068026087e-07,0.0006591326753131455,0.9993399166947113
